013004408,
013021308,
012023669,
08023098,
013003575,
013000575,
013005786,
1206000494,
014005222,
09044659,
015000926,
016000047,
014017935,
016000240,
015003592,
014006727,
011095611,
011043527,
012023646,
016004893,
016000021,
013015117,
015003037,
012031488,
011026727,
016001293,
013005785,
016000046,
06003872,
06003991,
016001072,
016004632,
016000936,
014006388,
06032072,
010039514,
09035252,
015001261,
013025929,
013005643,
014006388,
011011712,
014006727,
015003816,
015014372,
015001261,
011011712,
014006727,
014006388,
015011307,
013025929,
013005643,
013014864,
011011711,
015004190,
014006502,
014008178,
011007257,
015001164,
010002361,
014006388,
014023193,
014008648,
015017046,
013005643,
014006434,
015003533,
012009429,
014006388,
015003773,
011021252,
015001164,
011029866,
08048388,
014014032,
013015116,
07063016,
015003775,
015003696,
013005643,
015001165,
1206002514,
015003533,
015002751,
014006726,
014017076,
015001260,
015003775,
015003696,
014017216,
015001165,
1206002514,
011156869,
013031462,
015002660,
015001164,
014021051,
1206001740,
010024599,
013040089,
013031462,
013025928,
07083408,
011011679,
1206000496,
014014109,
014009259,
014019827,
012020632,
014006435,
014014032,
011140817,
07085193,
013040089,
014006389,
014006503,
013025929,
1206000496,
014022987,
09061030,
014006727,
013031462,
013025929,
010024602,
014006503,
013014863,
08014329,
014019098,
1206000195,
014022987,
014008178,
014020295,
014007032,
010039742,
014006675,
012020632,
011040802,
011037640,
06002304,
09075616,
